DEVANSH CS 2 BT21CS012 40 40 40 40 45 31 31 31 30 40 1 1
RASMHI CS 2 BT21CS022 40 40 40 40 45 33 32 31 30 39 0 1
ATHARAV CS 2 BT21CS017 40 40 40 40 45 29 28 27 26 25 0 1
HARDIK CS 2 BT21CS016 40 40 40 40 45 39 38 37 36 40 1 1
ANDY CS 2 BT21CS015 40 40 40 40 45 40 40 40 40 40 0 1
HARSH CV 2 BT21CV034 43 40 40 40 45 31 31 31 30 38 1 1
YASH CV 2 BT21CV037 43 40 40 40 45 31 31 31 30 34 0 0
RADHIKA CV 2 BT21CV044 43 40 40 40 45 31 31 31 39 39 1 1
SUJOY CV 2 BT21CV094 43 40 40 40 45 31 31 31 30 38 0 1
KARAN CV 2 BT21CV078 43 40 40 40 45 31 31 31 30 31 1 0
BHUMIK EC 2 BT21EC034 42 40 40 40 44 31 31 31 30 25 1 0
HAASINI EC 2 BT21EC003 42 40 40 40 44 31 31 31 30 40 1 1
RASHI EC 2 BT21EC004 42 40 40 40 44 31 31 31 30 25 1 0
KARTIK EC 2 BT21EC067 42 40 40 40 44 31 31 31 30 41 1 1
SUFI EC 2 BT21EC001 42 40 40 40 44 31 31 31 30 25 0 0
CHITRA EE 2 BT21EE029 41 40 40 40 45 31 31 31 30 25 1 1
PRATEEK EE 2 BT21EE032 41 40 40 40 45 31 31 31 30 40 1 1
ARSHAN EE 2 BT21EE033 41 40 40 40 45 31 31 31 30 25 0 1
ARCHIS EE 2 BT21EE034 41 40 40 40 45 31 31 31 30 25 0 1
VAIDEHI EE 2 BT21EE035 41 40 40 40 45 31 31 31 30 25 1 0
SOHAM ME 2 BT21ME089 38 40 40 40 41 31 31 31 30 37 1 0
AVINASH ME 2 BT21ME039 38 40 40 40 41 31 31 31 30 36 1 1
ARYAN ME 2 BT21ME077 38 40 40 40 41 31 31 31 30 38 1 0
RAVI ME 2 BT21ME074 38 40 40 40 41 31 31 31 30 38 0 1
VAIBHAV ME 2 BT21ME026 38 40 40 40 41 31 31 31 30 38 0 0
JATIN CS 3 BT20CS022 40 40 40 40 49 31 31 31 30 47 1 1
SHUBHAM CS 3 BT20CS045 40 40 40 40 49 31 31 31 30 47 0 0
SUSHANT CS 3 BT20CS046 40 40 40 40 49 31 31 31 30 47 1 1
DON CS 3 BT20CS047 40 40 40 40 49 31 31 31 30 47 1 1
AAKRITI CS 3 BT20CS049 40 40 40 40 49 31 31 31 30 47 1 1
CHITI EE 3 BT20EE039 41 40 40 40 45 31 31 31 30 25 1 1
CHITU EE 3 BT20EE002 41 40 40 40 45 31 31 31 30 35 1 1
BINDU EE 3 BT20EE009 41 40 40 40 45 31 31 31 30 15 1 1
POMI EE 3 BT20EE018 41 40 40 40 45 31 31 31 30 25 1 0
YUVI EC 3 BT20EC015 41 40 40 40 45 31 31 31 30 36 1 0
YUVRAJ ME 3 BT20ME015 41 40 40 40 45 31 31 31 30 36 1 0
PANKAJ CV 3 BT20CV015 41 40 40 40 45 31 31 31 30 36 1 1
BHUMIKESH EC 4 BT19EC067 42 40 40 40 44 31 31 31 30 44 1 1
NANDINI EC 4 BT19EC068 42 40 40 40 44 31 31 31 30 43 1 1
AJINKE EC 4 BT19EC069 42 40 40 40 44 31 31 31 30 40 0 1
RAHUL EC 4 BT19EC011 42 40 40 40 44 31 31 31 30 22 1 1
AJIT EE 4 BT19EE102 42 40 40 40 44 31 31 31 30 29 1 1
PREET CS 4 BT19CS122 42 40 40 40 49 31 31 31 30 48 1 0
GARRY CV 4 BT19CV123 42 40 40 40 50 31 31 31 30 49 1 1
GREGE ME 4 BT19ME112 42 40 40 40 42 31 31 31 30 41 0 1
AMIT ME 4 BT19ME111 42 40 40 40 42 31 31 31 30 41 1 1
HARSHITA CV 1 BT22CV029 43 40 40 40 47 31 31 31 39 46 1 1
SHREYA CS 1 BT22CS039 43 40 40 40 47 31 31 31 39 45 1 1
KANAK EE 1 BT22EE049 43 40 40 40 47 31 31 31 39 44 1 0
AVANI EC 1 BT22EC059 43 40 40 40 47 31 31 31 39 42 1 1
LEENA ME 1 BT22ME069 43 40 40 40 47 31 31 31 39 42 1 0